0.022592 0.000000
0.067777 0.000000
0.112962 0.000000
0.158147 0.000000
0.203332 0.000000
0.248517 0.000000
0.293702 0.000000
0.338887 0.000000
0.384072 0.000280
0.429257 0.000000
0.474442 0.000000
0.519627 0.000000
0.564812 0.000000
0.609997 0.000000
0.655182 0.000813
0.700367 0.000000
0.745552 0.000000
0.790737 0.000000
0.835922 0.001323
0.881107 0.001470
0.926292 0.001624
0.971477 0.001787
1.016662 0.001957
1.061847 0.002134
1.107032 0.002320
1.152217 0.002513
1.197402 0.002714
1.242587 0.002923
1.287772 0.003139
1.332957 0.003363
1.378142 0.003595
1.423327 0.003835
1.468512 0.004082
1.513697 0.004337
1.558882 0.004600
1.604067 0.004870
1.649252 0.005149
1.694437 0.005434
1.739622 0.005728
1.784807 0.006030
1.829992 0.006339
1.875177 0.006656
1.920362 0.006980
1.965547 0.007313
2.010732 0.007653
2.055917 0.008000
2.101102 0.008356
2.146287 0.008719
2.191472 0.009090
2.236657 0.009469
2.281842 0.009855
2.327026 0.010249
2.372211 0.010651
2.417396 0.011061
2.462581 0.011478
2.507766 0.011903
2.552951 0.012336
2.598136 0.012777
2.643321 0.013225
2.688506 0.013681
2.733691 0.014145
2.778876 0.014616
2.824061 0.015095
2.869246 0.015582
2.914431 0.016077
2.959616 0.016579
3.004801 0.017089
3.049986 0.017607
3.095171 0.018133
3.140356 0.018666
3.185541 0.019207
3.230726 0.019756
3.275911 0.020312
3.321096 0.020876
3.366281 0.021448
3.411466 0.022028
3.456651 0.022615
3.501836 0.023210
3.547021 0.023813
3.592206 0.024424
3.637391 0.025042
3.682576 0.025668
3.727761 0.026302
3.772946 0.026943
3.818131 0.027592
3.863316 0.028249
3.908501 0.028914
3.953686 0.029586
3.998871 0.030266
4.044056 0.030954
4.089241 0.031650
4.134426 0.032353
4.179611 0.033064
4.224796 0.033783
4.269981 0.034509
4.315166 0.035244
4.360351 0.035986
4.405536 0.036735
4.450721 0.037493
4.495906 0.038258
