0.048674 0.000000
0.146022 0.000000
0.243370 0.000000
0.340718 0.000000
0.438066 0.000000
0.535414 10.493733
0.632763 7.519131
0.730111 5.650471
0.827459 4.400598
0.924807 3.523726
1.022155 2.884984
1.119503 2.405364
1.216851 2.036097
1.314199 1.745758
1.411547 1.513359
1.508895 1.324452
1.606243 1.168825
1.703592 1.039096
1.800940 0.929824
1.898288 0.836923
1.995636 0.757280
2.092984 0.688486
2.190332 0.628657
2.287680 0.576300
2.385028 0.530222
2.482376 0.489457
2.579724 0.453218
2.677072 0.420859
2.774421 0.391846
2.871769 0.365733
2.969117 0.342146
3.066465 0.320769
3.163813 0.301335
3.261161 0.283614
3.358509 0.267412
3.455857 0.252560
3.553205 0.238912
3.650553 0.226340
3.747901 0.214736
3.845250 0.204001
3.942598 0.194052
4.039946 0.184813
4.137294 0.176219
4.234642 0.168210
4.331990 0.160736
4.429338 0.153748
4.526686 0.147207
4.624034 0.141074
4.721382 0.135317
4.818730 0.129905
4.916078 0.124811
5.013427 0.120011
5.110775 0.115483
5.208123 0.111206
5.305471 0.107163
5.402819 0.103336
5.500167 0.099711
5.597515 0.096273
5.694863 0.093010
5.792211 0.089910
5.889559 0.086962
5.986907 0.084157
6.084256 0.081486
6.181604 0.078939
6.278952 0.076511
6.376300 0.074192
6.473648 0.071978
6.570996 0.069861
6.668344 0.067836
6.765692 0.065898
6.863040 0.064042
6.960388 0.062263
7.057736 0.060557
7.155085 0.058921
7.252433 0.057350
7.349781 0.055841
7.447129 0.054390
7.544477 0.052996
7.641825 0.051654
7.739173 0.050363
7.836521 0.049119
7.933869 0.047921
8.031217 0.046767
8.128565 0.045653
8.225914 0.044579
8.323262 0.043542
8.420610 0.042542
8.517958 0.041575
8.615306 0.040640
8.712654 0.039737
8.810002 0.038864
8.907350 0.038019
9.004698 0.037202
9.102046 0.036410
9.199394 0.035644
9.296743 0.034901
9.394091 0.034182
9.491439 0.033484
9.588787 0.032808
9.686135 0.032151
