0.022592 0.000000
0.067777 0.000000
0.112962 0.000000
0.158147 0.000000
0.203332 0.000000
0.248517 0.000000
0.293702 0.000000
0.338887 0.000000
0.384072 0.440060
0.429257 0.000000
0.474442 0.000000
0.519627 0.000000
0.564812 0.000000
0.609997 0.000000
0.655182 0.151336
0.700367 0.000000
0.745552 0.000000
0.790737 0.000000
0.835922 0.185965
0.881107 0.083692
0.926292 0.227184
0.971477 0.550789
1.016662 0.691522
1.061847 1.498381
1.107032 1.219510
1.152217 2.202554
1.197402 1.404975
1.242587 1.683437
1.287772 1.645755
1.332957 1.572653
1.378142 1.437013
1.423327 0.898154
1.468512 1.747741
1.513697 1.134458
1.558882 0.748755
1.604067 1.035496
1.649252 0.955646
1.694437 1.086433
1.739622 0.966311
1.784807 0.856805
1.829992 0.873234
1.875177 0.794697
1.920362 1.163044
1.965547 1.009262
2.010732 0.787604
2.055917 1.076237
2.101102 0.956843
2.146287 1.058055
2.191472 1.069002
2.236657 1.143162
2.281842 1.060894
2.327026 1.068100
2.372211 1.039348
2.417396 1.123185
2.462581 1.060914
2.507766 0.992027
2.552951 0.867483
2.598136 1.078255
2.643321 1.051009
2.688506 0.953042
2.733691 0.687000
2.778876 1.018300
2.824061 0.994124
2.869246 0.963060
2.914431 0.986988
2.959616 1.090627
3.004801 1.058074
3.049986 1.131748
3.095171 1.024326
3.140356 0.896214
3.185541 1.031076
3.230726 0.884136
3.275911 0.841748
3.321096 0.983978
3.366281 0.963475
3.411466 0.910201
3.456651 1.000781
3.501836 1.012218
3.547021 1.095067
3.592206 1.183527
3.637391 1.056066
3.682576 1.015934
3.727761 0.795034
3.772946 1.045460
3.818131 0.873751
3.863316 1.014539
3.908501 0.961439
3.953686 0.952061
3.998871 0.979436
4.044056 0.925882
4.089241 0.967716
4.134426 1.007510
4.179611 0.993285
4.224796 0.979434
4.269981 0.891092
4.315166 1.047034
4.360351 0.957083
4.405536 1.098275
4.450721 0.928454
4.495906 1.096364
