Step	Type	Velocity
05000	0	2.414327
05000	0	3.356881
05000	0	3.148884
05000	0	3.505160
05000	0	2.470765
05000	0	1.291835
05000	0	1.413238
05000	0	2.804195
05000	0	3.164992
05000	0	4.095460
05000	0	0.997793
05000	0	1.671944
05000	0	1.572754
05000	0	2.593424
05000	0	3.252756
05000	0	5.597761
05000	0	0.731843
05000	0	1.429715
05000	0	3.384513
05000	0	1.742738
05000	0	3.003756
05000	0	2.829907
05000	0	3.537934
05000	0	0.660972
05000	0	3.150418
05000	0	3.233389
05000	0	2.801470
05000	0	3.111099
05000	0	4.975791
05000	0	2.948674
05000	0	4.075177
05000	0	2.803461
05000	0	0.594270
05000	0	0.851349
05000	0	3.282998
05000	0	1.501349
05000	0	3.182675
05000	0	2.261019
05000	0	2.418046
05000	0	1.032439
05000	0	1.980429
05000	0	2.164252
05000	0	3.026318
05000	0	1.489236
05000	0	2.278530
05000	0	3.512290
05000	0	1.118328
05000	0	2.739835
05000	0	0.919855
05000	0	0.991915
05000	0	3.204392
05000	0	4.565173
05000	0	3.729856
05000	0	2.961353
05000	0	4.713474
05000	0	1.513277
05000	0	1.710105
05000	0	2.532263
05000	0	2.987092
05000	0	2.932239
05000	0	2.152417
05000	0	3.549403
05000	0	3.789721
05000	0	2.188813
05000	0	2.939811
05000	0	2.717584
05000	0	1.870891
05000	0	3.399908
05000	0	4.072797
05000	0	3.206560
05000	0	3.536498
05000	0	4.015363
05000	0	1.117694
05000	0	1.503944
05000	0	3.020651
05000	0	2.266666
05000	0	4.277352
05000	0	0.582526
05000	0	1.536159
05000	0	4.604207
05000	0	2.004481
05000	0	3.438638
05000	0	0.205190
05000	0	0.775951
05000	0	3.109138
05000	0	2.630242
05000	0	4.255006
05000	0	1.721198
05000	0	4.410407
05000	0	1.743088
05000	0	2.397585
05000	0	1.865002
05000	0	3.339798
05000	0	1.085261
05000	0	1.116640
05000	0	3.470860
05000	0	1.999759
05000	0	1.027649
05000	0	3.721585
05000	0	1.794478
05000	0	1.470841
05000	0	1.044121
05000	0	2.911193
05000	0	1.434806
05000	0	2.950261
05000	0	1.318246
05000	0	0.926529
05000	0	0.514201
05000	0	2.148588
05000	0	2.697826
05000	0	5.695425
05000	0	2.280371
05000	0	1.569421
05000	0	2.530649
05000	0	4.464723
05000	0	0.351798
05000	0	1.855345
05000	0	2.869294
05000	0	3.799958
05000	0	1.316946
05000	0	1.853712
05000	0	5.766768
05000	0	3.221109
05000	0	2.610884
05000	0	2.061905
05000	0	3.210429
05000	0	1.660816
05000	0	4.014205
05000	0	4.142403
05000	0	3.633440
05000	0	3.435148
05000	0	2.832106
05000	0	2.569345
05000	0	4.468628
05000	0	3.937107
05000	0	1.813831
05000	0	2.953931
05000	0	2.578571
05000	0	2.528627
05000	0	1.703614
05000	0	1.518646
05000	0	0.757228
05000	0	1.621293
05000	0	3.171650
05000	0	3.312804
05000	0	2.473129
05000	0	0.679372
05000	0	2.554355
05000	0	2.261959
05000	0	2.709197
05000	0	3.532517
05000	0	3.311184
05000	0	0.771153
05000	0	1.368613
05000	0	1.088079
05000	0	3.454692
05000	0	2.840711
05000	0	4.731520
05000	0	5.341137
05000	0	1.631434
05000	0	2.825547
05000	0	3.319701
05000	0	1.111281
05000	0	1.253270
05000	0	4.118776
05000	0	2.276088
05000	0	1.036512
05000	0	1.714886
05000	0	2.454548
05000	0	1.141629
05000	0	2.279271
05000	0	1.802252
05000	0	2.840109
05000	0	2.946642
05000	0	2.418867
05000	0	2.308983
05000	0	1.730974
05000	0	1.651930
05000	0	2.132674
05000	0	3.666561
05000	0	0.648393
05000	0	1.608952
05000	0	1.604759
05000	0	2.587362
05000	0	2.532528
05000	0	1.228956
05000	0	2.863602
05000	0	0.576302
05000	0	1.527283
05000	0	2.465029
05000	0	3.260920
05000	0	2.519642
05000	0	2.551589
05000	0	1.776095
05000	0	1.812587
05000	0	1.613775
05000	0	1.745693
05000	0	0.926220
05000	0	1.515923
05000	0	3.272671
05000	0	3.575500
05000	0	5.534704
05000	0	3.049359
05000	0	2.772988
05000	0	1.770979
05000	0	1.565121
05000	0	1.726302
05000	0	2.727001
05000	0	2.443300
05000	0	4.172163
05000	0	1.811304
05000	0	3.144443
05000	0	6.149225
05000	0	1.247073
05000	0	1.441905
05000	0	2.326994
05000	0	2.046798
05000	0	0.597605
05000	0	1.826615
05000	0	2.232513
05000	0	3.595208
05000	0	1.272531
05000	0	0.898203
05000	0	1.794033
05000	0	1.900839
05000	0	1.983256
05000	0	2.423459
05000	0	1.462606
05000	0	3.538928
05000	0	3.008031
05000	0	1.107243
05000	0	4.032983
05000	0	1.283390
05000	0	3.054888
05000	0	0.851726
05000	0	1.126499
05000	0	2.387418
05000	0	1.966053
05000	0	2.769126
05000	0	1.724832
05000	0	2.664221
05000	0	2.766477
05000	0	4.215670
05000	0	3.225563
05000	0	2.866530
05000	0	4.525094
05000	0	1.746688
05000	0	2.038580
05000	0	3.425112
05000	0	2.783306
05000	0	2.017929
05000	0	2.536571
05000	0	5.458899
05000	0	2.004460
05000	0	1.662560
05000	0	4.775810
05000	0	2.770740
05000	0	0.780235
05000	0	0.909154
05000	0	1.251783
05000	0	5.363737
05000	0	2.702460
05000	0	2.298953
05000	0	0.984102
05000	0	1.822453
05000	0	2.682036
05000	0	4.287557
05000	0	7.118327
05000	0	3.374763
05000	0	3.613359
05000	0	2.017763
05000	0	1.390912
05000	0	3.171611
05000	0	3.451207
05000	0	2.641716
05000	0	1.833361
05000	0	2.165535
05000	0	1.745432
05000	0	4.316906
05000	0	1.431323
05000	0	1.356169
05000	0	2.281635
05000	0	1.301868
05000	0	3.011945
05000	0	0.475174
05000	0	0.842638
05000	0	2.483976
05000	0	1.966034
05000	0	0.323190
05000	0	2.093009
05000	0	1.863245
05000	0	2.802644
05000	0	3.706643
05000	0	2.322429
05000	0	2.623732
05000	0	3.188506
05000	0	1.302235
05000	0	1.726020
05000	0	2.588471
05000	0	1.339297
05000	0	1.137237
05000	0	1.037380
05000	0	1.948063
05000	0	1.844645
05000	0	2.951017
05000	0	3.411315
05000	0	3.400378
05000	0	2.333943
05000	0	4.621483
05000	0	3.726855
05000	0	1.000959
05000	0	0.826997
05000	0	2.729038
05000	0	1.754721
05000	0	3.401546
05000	0	1.486054
05000	0	2.470131
05000	0	2.190201
05000	0	1.429044
05000	0	2.957719
05000	0	1.702950
05000	0	3.216400
05000	0	3.355362
05000	0	2.662530
05000	0	4.495765
05000	0	2.372885
05000	0	1.872947
05000	0	0.631534
05000	0	1.990980
05000	0	1.305349
05000	0	2.289110
05000	0	0.986030
05000	0	3.189662
05000	0	3.397903
05000	0	2.696729
05000	0	1.942909
05000	0	1.604630
05000	0	2.262198
05000	0	2.099431
05000	0	2.781766
05000	0	2.715284
05000	0	1.417703
05000	0	2.308729
05000	0	3.083263
05000	0	1.650962
05000	0	1.786230
05000	0	1.683097
05000	0	0.909687
05000	0	2.137682
05000	0	5.351568
05000	0	3.905890
05000	0	1.454448
05000	0	3.401727
05000	0	3.747490
05000	0	2.312984
05000	0	3.708723
05000	0	2.287625
05000	0	3.617331
05000	0	2.691553
05000	0	2.218442
05000	0	2.219433
05000	0	3.454189
05000	0	2.372958
05000	0	1.833194
05000	0	1.545207
05000	0	2.706258
05000	0	0.898640
05000	0	2.390684
05000	0	2.481236
05000	0	3.479157
05000	0	1.484790
05000	0	3.339134
05000	0	2.711464
05000	0	4.048131
05000	0	2.280258
05000	0	1.749980
05000	0	3.015026
05000	0	1.542994
05000	0	2.095971
05000	0	4.281152
05000	0	1.114776
05000	0	1.467102
05000	0	3.004237
05000	0	3.505932
05000	0	2.284601
05000	0	1.699817
05000	0	3.052801
05000	0	3.518530
05000	0	2.041908
05000	0	1.448004
05000	0	2.508092
05000	0	1.425119
05000	0	1.619738
05000	0	2.796429
05000	0	2.437551
05000	0	1.778581
05000	0	2.825522
05000	0	3.364971
05000	0	4.019041
05000	0	1.637202
05000	0	3.621238
05000	0	2.078955
05000	0	0.706232
05000	0	2.375675
05000	0	3.798274
05000	0	4.095487
05000	0	3.190261
05000	0	1.849728
05000	0	1.815926
05000	0	0.906029
05000	0	2.731474
05000	0	1.429214
05000	0	1.479649
05000	0	3.980491
05000	0	1.602512
05000	0	1.528678
05000	0	1.328667
05000	0	0.272429
05000	0	1.085581
05000	0	2.024255
05000	0	1.867774
05000	0	1.665317
05000	0	2.274331
05000	0	1.824168
05000	0	1.655903
05000	0	3.811152
05000	0	1.787072
05000	0	3.526704
05000	0	2.380167
05000	0	2.349598
05000	0	0.844394
05000	0	1.342020
05000	0	2.951512
05000	0	0.788457
05000	0	1.846690
05000	0	2.819766
05000	0	1.401124
05000	0	3.184707
05000	0	2.867091
05000	0	4.233934
05000	0	4.831518
05000	0	2.582352
05000	0	1.427927
05000	0	1.554416
05000	0	0.618674
05000	0	0.449500
05000	0	3.220502
05000	0	1.349647
05000	0	4.284183
05000	0	2.645491
05000	0	3.602182
05000	0	3.737345
05000	0	2.339829
05000	0	3.707166
05000	0	1.366969
05000	0	4.024970
05000	0	2.595165
05000	0	1.422403
05000	0	3.468061
05000	0	1.258229
05000	0	2.875887
05000	0	2.907516
05000	0	1.400282
05000	0	2.520572
05000	0	1.752294
05000	0	1.199527
05000	0	1.885536
05000	0	4.283149
05000	0	2.579607
05000	0	1.466008
05000	0	3.357106
05000	0	3.100775
05000	0	2.471581
05000	0	4.131656
05000	0	1.700876
05000	0	1.763673
05000	0	2.903938
05000	0	2.243129
05000	0	0.868877
05000	0	1.779974
05000	0	1.412636
05000	0	3.400567
05000	0	1.968898
05000	0	1.349164
05000	0	2.318242
05000	0	0.939066
05000	0	6.177631
05000	0	2.838478
05000	0	1.598219
05000	0	1.502462
05000	0	4.372154
05000	0	2.117613
05000	0	0.850936
05000	0	1.362140
05000	0	1.579477
05000	0	3.246958
05000	0	2.124808
05000	0	1.626322
05000	0	1.787672
05000	0	2.127087
05000	0	1.742204
05000	0	1.623903
05000	0	4.168350
05000	0	1.292123
05000	0	2.312369
05000	0	1.695420
05000	0	4.541843
05000	0	2.646480
05000	0	2.458849
05000	0	2.648589
05000	0	0.977569
05000	0	1.468589
05000	0	1.526327
05000	0	0.482640
05000	0	2.225518
05000	0	4.314035
05000	0	3.623096
05000	0	1.655358
05000	0	1.908759
05000	0	2.035090
05000	0	1.948787
05000	0	1.066347
05000	0	1.528240
05000	0	1.672794
05000	0	0.561306
05000	0	2.679704
05000	0	1.999903
05000	0	4.310444
05000	0	1.946913
05000	0	1.242006
05000	0	3.774799
05000	0	1.601642
05000	0	2.879304
05000	0	0.634198
05000	0	2.446425
05000	0	4.283552
05000	0	1.749806
05000	0	1.591106
05000	0	2.806957
05000	0	1.949173
05000	0	1.061786
05000	0	0.869491
05000	0	3.933553
05000	0	1.594921
05000	0	1.744067
05000	0	1.460417
05000	0	0.509958
05000	0	1.419244
05000	0	2.065025
05000	0	2.088793
05000	0	3.543556
05000	0	1.468584
05000	0	2.142042
05000	0	1.010301
05000	0	0.628856
05000	0	1.560478
05000	0	3.492896
05000	0	3.004094
05000	0	2.111787
05000	0	2.155446
05000	0	3.315086
05000	0	3.268456
05000	0	2.211436
05000	0	1.287086
05000	0	4.011340
05000	0	2.902735
05000	0	3.828933
05000	0	3.329898
05000	0	1.688534
05000	0	1.480423
05000	0	1.746160
05000	0	1.640999
05000	0	1.203994
05000	0	3.788849
05000	0	0.840232
05000	0	2.543740
05000	0	2.979517
05000	0	3.223620
05000	0	2.698025
05000	0	3.494630
05000	0	1.290913
05000	0	2.590708
05000	0	3.766594
05000	0	0.760902
05000	0	2.771905
05000	0	4.489499
05000	0	1.997448
05000	0	1.970258
05000	0	3.040610
05000	0	3.731829
05000	0	1.052483
05000	0	1.623835
05000	0	3.402157
05000	0	3.338550
05000	0	0.945971
05000	0	2.771223
05000	0	1.582780
05000	0	1.553364
05000	0	1.120221
05000	0	2.025535
05000	0	2.079064
05000	0	3.336655
05000	0	2.224711
05000	0	1.946709
05000	0	3.067020
05000	0	3.154689
05000	0	1.423246
05000	0	1.590343
05000	0	3.072722
05000	0	4.429381
05000	0	1.641350
05000	0	1.328486
05000	0	2.757863
05000	0	1.608754
05000	0	2.048208
05000	0	1.488277
05000	0	1.287248
05000	0	3.457591
05000	0	0.817576
05000	0	2.696879
05000	0	2.854581
05000	0	3.702596
05000	0	1.524547
05000	0	1.671465
05000	0	2.306966
05000	0	2.544300
05000	0	1.950315
05000	0	2.188724
05000	0	1.427126
05000	0	1.666555
05000	0	2.742614
05000	0	1.008000
05000	0	3.949507
05000	0	1.952511
05000	0	3.373127
05000	0	1.151076
05000	0	2.593875
05000	0	4.480814
05000	0	2.925275
05000	0	1.068665
05000	0	2.921409
05000	0	1.612830
05000	0	0.889415
05000	0	3.864419
05000	0	2.404458
05000	0	3.189746
05000	0	1.516266
05000	0	1.812841
05000	0	2.915240
05000	0	2.708231
05000	0	2.332720
05000	0	1.182402
05000	0	2.133632
05000	0	2.787900
05000	0	1.833788
05000	0	0.837611
05000	0	1.733755
05000	0	3.080152
05000	0	3.134222
05000	0	2.552761
05000	0	1.943186
05000	0	3.671727
05000	0	2.643826
05000	0	3.446995
05000	0	2.050497
05000	0	3.126610
05000	0	2.952862
05000	0	3.115870
05000	0	0.829430
05000	0	1.240062
05000	0	2.558827
05000	0	1.322746
05000	0	2.446468
05000	0	1.096286
05000	0	1.288688
05000	0	1.578648
05000	0	0.839526
05000	0	2.249178
05000	0	1.557429
05000	0	2.288449
05000	0	1.912159
05000	0	2.328718
05000	0	3.038085
05000	0	4.124060
05000	0	2.911671
05000	0	1.626765
05000	0	1.110374
05000	0	1.708194
05000	0	0.757507
05000	0	2.277334
05000	0	1.172614
05000	0	5.314223
05000	0	3.408339
05000	0	2.361375
05000	0	2.697861
05000	0	3.125418
05000	0	1.482468
05000	0	1.963532
05000	0	2.037625
05000	0	1.695056
05000	0	0.417478
05000	0	4.455080
05000	0	2.339757
05000	0	3.667642
05000	0	1.995913
05000	0	4.456487
05000	0	2.284542
05000	0	2.099027
05000	0	4.571011
05000	0	3.182187
05000	0	0.765435
05000	0	1.242895
05000	0	1.320612
05000	0	3.793342
05000	0	1.549156
05000	0	3.752455
05000	0	3.335856
05000	0	2.704971
05000	0	3.118247
05000	0	3.755673
05000	0	4.063058
05000	0	2.440740
05000	0	1.702033
05000	0	2.007899
05000	0	4.839791
05000	0	1.957784
05000	0	2.904483
05000	0	3.366237
05000	0	3.405655
05000	0	3.052843
05000	0	2.012912
05000	0	1.900623
05000	0	0.852839
05000	0	2.053829
05000	0	4.967787
05000	0	3.801756
05000	0	0.982083
05000	0	3.185439
05000	0	2.932872
05000	0	5.630729
05000	0	3.158660
05000	0	1.935826
05000	0	2.496208
05000	0	1.509026
05000	0	1.826984
05000	0	2.255027
05000	0	3.940226
05000	0	5.527708
05000	0	3.667564
05000	0	1.564118
05000	0	2.372608
05000	0	2.361055
05000	0	3.753200
05000	0	1.624542
05000	0	2.421193
05000	0	1.695366
05000	0	3.057364
05000	0	2.654306
05000	0	3.223949
05000	0	1.352574
05000	0	2.534278
05000	0	2.926594
05000	0	1.532546
05000	0	2.060697
05000	0	2.884445
05000	0	3.776955
05000	0	2.375966
05000	0	1.874603
05000	0	2.647089
05000	0	2.527880
05000	0	5.852805
05000	0	2.558513
05000	0	1.768986
05000	0	4.605608
05000	0	3.069637
05000	0	2.193940
05000	0	1.439161
05000	0	3.751824
05000	0	1.767427
05000	0	2.817801
05000	0	1.916213
05000	0	2.963471
05000	0	2.703243
05000	0	3.212880
05000	0	4.678550
05000	0	4.405447
05000	0	2.492493
05000	0	1.292157
05000	0	0.911344
05000	0	2.315990
05000	0	3.985842
05000	0	6.092094
05000	0	2.661279
05000	0	4.528554
05000	0	1.031743
05000	0	1.388130
05000	0	2.044166
05000	0	2.376804
05000	0	2.748217
05000	0	1.180601
05000	0	2.430940
05000	0	2.030722
05000	0	4.499947
05000	0	3.693342
05000	0	2.872723
05000	0	2.841469
05000	0	1.647807
05000	0	2.674944
05000	0	2.329029
05000	0	1.574761
05000	0	1.997906
05000	0	3.377334
05000	0	2.516213
05000	0	1.838640
05000	0	1.859729
05000	0	1.684968
05000	0	2.798085
05000	0	2.118595
05000	0	2.132799
05000	0	0.860884
05000	0	3.427945
05000	0	3.145424
05000	0	1.457294
05000	0	1.953873
05000	0	1.313289
05000	0	2.825679
05000	0	0.728364
05000	0	3.103530
05000	0	2.694277
05000	0	3.293499
05000	0	2.668749
05000	0	1.232665
05000	0	2.978317
05000	0	1.327400
05000	0	1.535281
05000	0	1.173821
05000	0	4.290900
05000	0	1.889158
05000	0	1.537785
05000	0	1.630515
05000	0	2.272021
05000	0	2.430823
05000	0	3.466943
05000	0	0.890619
05000	0	2.809122
05000	0	2.828875
05000	0	2.172508
05000	0	1.858007
05000	0	2.297997
05000	0	3.231025
05000	0	1.266257
05000	0	3.356516
05000	0	2.188254
05000	0	1.853416
05000	0	1.462647
05000	0	2.431634
05000	0	1.528171
05000	0	1.478058
05000	0	2.249394
05000	0	1.054765
05000	0	3.918309
05000	0	3.694788
05000	0	3.425569
05000	0	1.661926
05000	0	3.217598
05000	0	2.372626
05000	0	2.673653
05000	0	1.868477
05000	0	4.440939
05000	0	1.396041
05000	0	1.305336
05000	0	3.010880
05000	0	3.949396
05000	0	4.069317
05000	0	1.741570
05000	0	3.056721
05000	0	2.539828
05000	0	1.616961
05000	0	0.982503
05000	0	0.487947
05000	0	1.271197
05000	0	4.502114
05000	0	2.602257
05000	0	1.410383
05000	0	3.129528
05000	0	2.174089
05000	0	2.852316
05000	0	1.594760
05000	0	2.009196
05000	0	3.306652
05000	0	2.477616
05000	0	2.011493
05000	0	0.705483
05000	0	3.490233
05000	0	3.007709
05000	0	4.502277
05000	0	2.905903
05000	0	2.257336
05000	0	3.670051
05000	0	4.504411
05000	0	2.588097
05000	0	2.642412
05000	0	1.857016
05000	0	3.395997
05000	0	2.295557
05000	0	1.489977
05000	0	1.906029
05000	0	3.909073
05000	0	3.466439
05000	0	1.871732
05000	0	3.110017
05000	0	3.050709
05000	0	1.450471
05000	0	1.655666
05000	0	2.852591
05000	0	1.560139
05000	0	1.130573
05000	0	3.447594
05000	0	1.828910
05000	0	1.012203
05000	0	1.750675
05000	0	0.973260
05000	0	1.543093
05000	0	1.696401
05000	0	1.938449
05000	0	2.111876
05000	0	4.587791
05000	0	2.682155
05000	0	1.596890
05000	0	4.377651
05000	0	2.129300
05000	0	2.801632
05000	0	2.672991
05000	0	2.372600
05000	0	3.443304
05000	0	2.471336
05000	0	1.910877
05000	0	1.231294
05000	0	3.395758
05000	0	2.261975
05000	0	2.402546
05000	0	4.329577
05000	0	2.911661
05000	0	2.035181
05000	0	1.646861
05000	0	5.439464
05000	0	3.727944
05000	0	2.214663
05000	0	2.176780
05000	0	1.657317
05000	0	0.797296
05000	0	3.417078
05000	0	2.914401
05000	0	1.720026
05000	0	2.202007
05000	0	1.780301
05000	0	1.201813
05000	0	0.799894
05000	0	2.315506
05000	0	2.303161
05000	0	1.465906
05000	0	1.543892
05000	0	1.682574
05000	0	1.893723
05000	0	1.790932
05000	0	0.619919
05000	0	2.226686
05000	0	3.528431
05000	0	4.443158
05000	0	2.770120
05000	0	2.673034
05000	0	1.282573
05000	0	3.575240
05000	0	1.992256
05000	0	1.324846
05000	0	2.589575
05000	0	0.997870
05000	0	0.579761
05000	0	2.053861
05000	0	1.650718
05000	0	1.359518
05000	0	0.941092
05000	0	2.708088
05000	0	2.247439
05000	0	3.291164
05000	0	2.816924
05000	0	1.493322
05000	0	2.659452
05000	0	2.448110
05000	0	1.770168
05000	0	3.275008
05000	0	1.074563
05000	0	2.835318
05000	0	1.675269
05000	0	1.837170
05000	0	0.666629
05000	0	1.120382
05000	0	1.899698
05000	0	1.668834
05000	0	2.026945
05000	0	2.800464
05000	0	2.603062
05000	0	2.871354
05000	0	2.265132
05000	0	2.789178
05000	0	2.266786
05000	0	1.699399
05000	0	0.965915
05000	0	1.975940
05000	0	2.755543
05000	0	1.266499
05000	0	1.807894
05000	0	3.619669
05000	0	3.102353
05000	0	2.116914
05000	0	1.822252
05000	0	1.708270
05000	0	2.918470
05000	0	3.316284
05000	0	2.223647
05000	0	2.030119
05000	0	5.053387
05000	0	2.033074
05000	0	3.513895
05000	0	3.103160
05000	0	2.083501
05000	0	0.655432
05000	0	4.132289
05000	0	4.399957
05000	0	1.889792
05000	0	0.635294
05000	0	1.192868
05000	0	3.722289
05000	0	1.560420
05000	0	3.218536
05000	0	1.693157
05000	0	1.396323
05000	0	2.301026
05000	0	3.692555
05000	0	2.513151
05000	0	3.464323
05000	0	0.684778
05000	0	1.848005
05000	0	0.965827
05000	0	1.663836
05000	0	2.058049
05000	0	1.604455
05000	0	0.912266
05000	0	2.115954
05000	0	2.986203
05000	0	1.239495
05000	0	1.182698
05000	0	3.176429
05000	0	2.058962
05000	0	2.248559
05000	0	3.689543
05000	0	1.853163
05000	0	1.829229
05000	0	0.793202
05000	0	2.299877
05000	0	3.400383
05000	0	2.186512
05000	0	1.475923
05000	0	1.414719
05000	0	4.014519
05000	0	3.627323
05000	0	1.389555
05000	0	1.938848
05000	0	1.942878
05000	0	0.759443
05000	0	4.219503
05000	0	2.532832
05000	0	1.556947
05000	0	2.334383
05000	0	1.271506
05000	0	1.179897
05000	0	2.694255
05000	0	1.515135
05000	0	2.628386
05000	0	1.825475
05000	0	2.914156
05000	0	1.784313
05000	0	1.762181
05000	0	0.479672
05000	0	2.082698
05000	0	2.954676
05000	0	2.887782
05000	0	3.713322
05000	0	2.861335
05000	0	2.666508
05000	0	1.362183
05000	0	1.880122
05000	0	2.607139
05000	0	1.072246
05000	0	2.575128
05000	0	3.107753
05000	0	2.481814
05000	0	1.207163
05000	0	3.987067
05000	0	2.531872
05000	0	1.766910
05000	0	2.588023
05000	0	2.152464
05000	0	1.787807
05000	0	4.046399
05000	0	2.960349
05000	0	0.760566
05000	0	2.365987
05000	0	1.145207
05000	0	1.243473
05000	0	1.865762
05000	0	1.474590
05000	0	2.765115
05000	0	2.760471
05000	0	1.402795
05000	0	1.666988
05000	0	2.759058
05000	0	3.487031
05000	0	0.681267
05000	0	2.140182
05000	0	1.343880
05000	0	1.226260
05000	0	1.799004
05000	0	4.836078
05000	0	2.334836
05000	0	2.230531
05000	0	1.745071
05000	0	2.561299
05000	0	0.652867
05000	0	1.890373
05000	0	1.924226
05000	0	1.754113
05000	0	2.038434
05000	0	3.826539
05000	0	4.154045
05000	0	1.866073
05000	0	3.608519
05000	0	2.665724
05000	0	1.900746
05000	0	3.180246
05000	0	2.355155
05000	0	1.179721
05000	0	0.866639
05000	0	1.358039
05000	0	2.130951
05000	0	1.770626
05000	0	2.369781
05000	0	1.731862
05000	0	1.725700
05000	0	1.497661
05000	0	1.837190
05000	0	0.960389
05000	0	0.872676
05000	0	2.101478
05000	0	1.949097
05000	0	1.229297
05000	0	2.696056
05000	0	1.438381
05000	0	3.599568
05000	0	2.956418
05000	0	3.044762
05000	0	2.142031
05000	0	2.132491
05000	0	3.138554
05000	0	1.283176
05000	0	1.861408
05000	0	2.109865
05000	0	1.384379
05000	0	2.073108
05000	0	1.837153
05000	0	1.609453
05000	0	2.237611
05000	0	4.241020
05000	0	4.617283
05000	0	3.415399
05000	0	1.742131
05000	0	2.840899
05000	0	0.730076
05000	0	3.294944
05000	0	2.254236
05000	0	3.996412
05000	0	2.875638
05000	0	1.548306
05000	0	2.641257
05000	0	5.588476
05000	0	4.208043
05000	0	0.640096
05000	0	2.060794
05000	0	3.753342
05000	0	2.755882
05000	0	4.879661
05000	0	3.525774
05000	0	1.517999
05000	0	2.529348
05000	0	1.136777
05000	0	0.988270
05000	0	2.200684
05000	0	3.944193
05000	0	2.685293
05000	0	1.816483
05000	0	1.301373
05000	0	2.295623
05000	0	1.778734
05000	0	1.528436
05000	0	1.090953
05000	0	2.093942
05000	0	1.343203
05000	0	2.237705
05000	0	2.371688
05000	0	2.006004
05000	0	2.510619
05000	0	0.821288
05000	0	2.284740
05000	0	2.617681
05000	0	3.564667
05000	0	1.420536
05000	0	3.840474
05000	0	2.985550
05000	0	1.278064
05000	0	2.100056
05000	0	1.920900
05000	0	2.839458
05000	0	5.047123
05000	0	1.690310
05000	0	2.742931
05000	0	3.846900
05000	0	2.118974
05000	0	1.533842
05000	0	4.677183
05000	0	1.516210
05000	0	1.601816
05000	0	2.025118
05000	0	3.270400
05000	0	1.266333
05000	0	2.494691
05000	0	2.113991
05000	0	1.347874
05000	0	3.829798
05000	0	1.919851
05000	0	2.460407
05000	0	0.587743
05000	0	2.893533
05000	0	2.859480
05000	0	1.737143
05000	0	1.484683
05000	0	1.692992
05000	0	1.870714
05000	0	2.008449
05000	0	2.852041
05000	0	2.556307
05000	0	2.642353
05000	0	5.664491
05000	0	1.861842
05000	0	1.674306
05000	0	1.703585
05000	0	0.839075
05000	0	1.510937
05000	0	2.433888
05000	0	2.332620
05000	0	1.690006
05000	0	3.600760
05000	0	1.188974
05000	0	2.461990
05000	0	2.653994
05000	0	2.300783
05000	0	1.796193
05000	0	3.395760
05000	0	0.714061
05000	0	2.202553
05000	0	3.484438
05000	0	1.123613
05000	0	2.076404
05000	0	0.559428
05000	0	4.358914
05000	0	2.723300
05000	0	1.695912
05000	0	1.934684
05000	0	1.312138
05000	0	2.132817
05000	0	3.382808
05000	0	1.954472
05000	0	2.962525
05000	0	2.737099
05000	0	1.826702
05000	0	2.514196
05000	0	3.380600
05000	0	3.130035
05000	0	1.588454
05000	0	2.000290
05000	0	2.228701
05000	0	1.259355
05000	0	2.675979
05000	0	2.001205
05000	0	4.918067
05000	0	2.418527
05000	0	1.595407
05000	0	2.712800
05000	0	3.460198
05000	0	2.199815
05000	0	1.571443
05000	0	1.889050
05000	0	2.264644
05000	0	1.435290
05000	0	2.848510
05000	0	3.695054
05000	0	2.684169
05000	0	2.130323
05000	0	1.156912
05000	0	1.506438
05000	0	0.633977
05000	0	0.697704
05000	0	0.726324
05000	0	1.482669
05000	0	0.557074
05000	0	0.956823
05000	0	2.473284
05000	0	2.744606
05000	0	2.221239
05000	0	3.487575
05000	0	1.339558
05000	0	0.833726
05000	0	1.555902
05000	0	2.178087
05000	0	0.892846
05000	0	3.461909
05000	0	0.573524
05000	0	1.208011
05000	0	3.707752
05000	0	1.026041
05000	0	3.765422
05000	0	1.312648
05000	0	2.034011
05000	0	0.824840
05000	0	0.720039
05000	0	2.610415
05000	0	2.102884
05000	0	2.237700
05000	0	0.794209
05000	0	1.460428
05000	0	1.973896
05000	0	2.364727
05000	0	3.130379
05000	0	1.239172
05000	0	1.490220
05000	0	0.212807
05000	0	1.195538
05000	0	2.329991
05000	0	2.334444
05000	0	3.216735
05000	0	2.126463
05000	0	0.566055
05000	0	1.945996
05000	0	2.744718
05000	0	2.420359
05000	0	2.383394
05000	0	0.623223
05000	0	1.300063
05000	0	1.036629
05000	0	1.776877
05000	0	2.042870
05000	0	1.504768
05000	0	2.591728
05000	0	1.459605
05000	0	4.893339
05000	0	0.803176
05000	0	1.615311
05000	0	0.705236
05000	0	1.657233
05000	0	0.929631
05000	0	3.104193
05000	0	2.923625
05000	0	2.788337
05000	0	1.844001
05000	0	2.449052
05000	0	0.714176
05000	0	1.568591
05000	0	2.463444
05000	0	1.841156
05000	0	1.120980
05000	0	0.892366
05000	0	1.715740
05000	0	1.978289
05000	0	1.198014
05000	0	2.069783
05000	0	1.334978
05000	0	0.449001
05000	0	1.932291
05000	0	1.219698
05000	0	2.676772
05000	0	1.785348
05000	0	2.879052
05000	0	1.707649
05000	0	1.781690
05000	0	1.635680
05000	0	1.448548
05000	0	1.721138
05000	0	1.878034
05000	0	2.991262
05000	0	1.316667
05000	0	3.030860
05000	0	2.161395
05000	0	1.084037
05000	0	1.075991
05000	0	3.405129
05000	0	1.591487
05000	0	1.126899
05000	0	2.790929
05000	0	2.984393
05000	0	3.360459
05000	0	1.693066
05000	0	0.635703
05000	0	3.232100
05000	0	2.282619
05000	0	3.314746
05000	0	1.695086
05000	0	2.654691
05000	0	1.653371
05000	0	1.504219
05000	0	3.092534
05000	0	2.316190
05000	0	1.939224
05000	0	0.955917
05000	0	0.972987
05000	0	3.937110
05000	0	0.997493
05000	0	4.067457
05000	0	2.000848
05000	0	1.233113
05000	0	2.921428
05000	0	3.257924
05000	0	2.375791
05000	0	1.648174
05000	0	0.915268
05000	0	4.610326
05000	0	3.363428
05000	0	4.725109
05000	0	4.076070
05000	0	1.396721
05000	0	4.430413
05000	0	1.072955
05000	0	1.232353
05000	0	1.759238
05000	0	0.829578
05000	0	1.435376
05000	0	2.800457
05000	0	1.912913
05000	0	1.223427
05000	0	1.266938
05000	0	3.702272
05000	0	1.870619
05000	0	0.950150
05000	0	1.482115
05000	0	2.188748
05000	0	1.302224
05000	0	3.669274
05000	0	2.143567
05000	0	1.415407
05000	0	1.252432
05000	0	1.988662
05000	0	2.994026
05000	0	1.222262
05000	0	2.039476
05000	0	2.368036
05000	0	4.370279
05000	0	3.062058
05000	0	3.028117
05000	0	3.471980
05000	0	1.047985
05000	0	1.855001
05000	0	2.391414
05000	0	3.360213
05000	0	2.802898
05000	0	1.233503
05000	0	2.040674
05000	0	2.221881
05000	0	1.988695
05000	0	1.508751
05000	0	1.386671
05000	0	1.052536
05000	0	1.903384
05000	0	1.380544
05000	0	1.172382
05000	0	2.943063
05000	0	0.829412
05000	0	1.076314
05000	0	1.440681
05000	0	2.600832
05000	0	2.975522
05000	0	2.339429
05000	0	3.292311
05000	0	1.028726
05000	0	2.111741
05000	0	3.239966
05000	0	0.706614
05000	0	1.370816
05000	0	2.665975
05000	0	2.928556
05000	0	1.761033
05000	0	1.475351
05000	0	2.911262
05000	0	1.375434
05000	0	0.873481
05000	0	2.468975
05000	0	2.046477
05000	0	1.388219
05000	0	2.055822
05000	0	1.231790
05000	0	2.602697
05000	0	1.497271
05000	0	1.806201
05000	0	3.162381
05000	0	1.925095
05000	0	2.565874
05000	0	0.857280
05000	0	1.369994
05000	0	2.762828
05000	0	2.362910
05000	0	0.786735
05000	0	2.459383
05000	0	1.880403
05000	0	0.783016
05000	0	1.108939
05000	0	1.490542
05000	0	2.186129
05000	0	2.548911
05000	0	2.499225
05000	0	0.417911
05000	0	1.320115
05000	0	3.221805
05000	0	0.740947
05000	0	2.476081
05000	0	2.184513
05000	0	0.873332
05000	0	3.744115
05000	0	1.830625
05000	0	1.278414
05000	0	2.926091
05000	0	2.075216
05000	0	0.464001
05000	0	0.625867
05000	0	2.022873
05000	0	3.964831
05000	0	0.998228
05000	0	2.117552
05000	0	3.658795
05000	0	1.247009
05000	0	2.661996
05000	0	1.769185
05000	0	1.585385
05000	0	1.389772
05000	0	1.638727
05000	0	2.183818
05000	0	1.282218
05000	0	1.386940
05000	0	2.528537
05000	0	3.261813
05000	0	1.616769
05000	0	1.305492
05000	0	2.914457
05000	0	1.789689
05000	0	1.308286
05000	0	1.232863
05000	0	1.598611
05000	0	0.542348
05000	0	1.663101
05000	0	0.910116
05000	0	0.547150
05000	0	3.265216
05000	0	2.886872
05000	0	0.919614
05000	0	0.374747
05000	0	1.978617
05000	0	1.440783
05000	0	2.507197
05000	0	1.978227
05000	0	2.711435
05000	0	1.079583
05000	0	3.532745
05000	0	1.200203
05000	0	1.671963
05000	0	1.934089
05000	0	3.217848
05000	0	1.139964
05000	0	1.844451
05000	0	3.373829
05000	0	1.935151
05000	0	2.299605
05000	0	1.333804
05000	0	1.346324
05000	0	2.339416
05000	0	3.321219
05000	0	1.445636
05000	0	1.375955
05000	0	1.615104
05000	0	2.120469
05000	0	2.557507
05000	0	1.736614
05000	0	0.636247
05000	0	2.944679
05000	0	0.383604
05000	0	1.742943
05000	0	1.501365
05000	0	3.387395
05000	0	1.079661
05000	0	3.241890
05000	0	2.467736
05000	0	1.545385
05000	0	2.231234
05000	0	2.193464
05000	0	2.922432
05000	0	1.112746
05000	0	2.463296
05000	0	2.007815
05000	0	1.494869
05000	0	0.798490
05000	0	2.926656
05000	0	1.707651
05000	0	1.163524
05000	0	3.312066
05000	0	1.866897
05000	0	1.280415
05000	0	2.644975
05000	0	3.446110
05000	0	2.153434
05000	0	2.883594
05000	0	2.939660
05000	0	2.447561
05000	0	2.574200
05000	0	4.214512
05000	0	1.710306
05000	0	3.855540
05000	0	2.591608
05000	0	0.758948
05000	0	2.871637
05000	0	2.530305
05000	0	1.528121
05000	0	2.187354
05000	0	1.670734
05000	0	1.722437
05000	0	1.225463
05000	0	1.758953
05000	0	2.256753
05000	0	2.892969
05000	0	2.784017
05000	0	2.042147
05000	0	1.925287
05000	0	1.253350
05000	0	0.756648
05000	0	2.975268
05000	0	1.387043
05000	0	2.868878
05000	0	1.487303
05000	0	2.176630
05000	0	0.826223
05000	0	2.617199
05000	0	2.782792
05000	0	0.642402
05000	0	1.176270
05000	0	2.244715
05000	0	3.170241
05000	0	2.707683
05000	0	1.278152
05000	0	1.399199
05000	0	0.962752
05000	0	0.923620
05000	0	2.227207
05000	0	1.611570
05000	0	0.492517
05000	0	2.101274
05000	0	2.802175
05000	0	2.599315
05000	0	1.479424
05000	0	2.385965
05000	0	3.031580
05000	0	1.634284
05000	0	2.729420
05000	0	2.155933
05000	0	4.349895
05000	0	2.100586
05000	0	1.365938
05000	0	4.206122
05000	0	1.036143
05000	0	2.316405
05000	0	1.399431
05000	0	2.086123
05000	0	0.902856
05000	0	0.511299
05000	0	1.881825
05000	0	1.796616
05000	0	2.141978
05000	0	2.200176
05000	0	2.600298
05000	0	2.382557
05000	0	1.774538
05000	0	1.644093
05000	0	3.801429
05000	0	2.534372
05000	0	2.485914
05000	0	1.745067
05000	0	1.678503
05000	0	2.526744
05000	0	1.917035
05000	0	4.158808
05000	0	2.011057
05000	0	1.110795
05000	0	2.062818
05000	0	1.486419
05000	0	1.534674
05000	0	0.900888
05000	0	1.292107
05000	0	0.968386
05000	0	3.818498
05000	0	1.861676
05000	0	1.069216
05000	0	3.378826
05000	0	1.927439
05000	0	2.097488
05000	0	0.927724
05000	0	2.920122
05000	0	3.524249
05000	0	2.195904
05000	0	1.338773
05000	0	2.267936
05000	0	1.495437
05000	0	3.147056
05000	0	0.725394
05000	0	3.703371
05000	0	2.338593
05000	0	1.760678
05000	0	2.277641
05000	0	1.604371
05000	0	0.763647
05000	0	2.192353
05000	0	1.525684
05000	0	1.060361
05000	0	1.315461
05000	0	3.396558
05000	0	2.587068
05000	0	1.602618
05000	0	2.319785
05000	0	1.389111
05000	0	2.281681
05000	0	2.287600
05000	0	1.778745
05000	0	2.266758
05000	0	1.901990
05000	0	3.150462
05000	0	2.051287
05000	0	1.572950
05000	0	1.503242
05000	0	0.302437
05000	0	1.410826
05000	0	2.368764
05000	0	0.875455
05000	0	1.095727
05000	0	1.796121
05000	0	2.292765
05000	0	2.919116
05000	0	2.247099
05000	0	4.075432
05000	0	1.496614
05000	0	2.969200
05000	0	1.026141
05000	0	1.598172
05000	0	2.443709
05000	0	1.434825
05000	0	0.356253
05000	0	1.427425
05000	0	2.047302
05000	0	1.139614
05000	0	1.944179
05000	0	2.484982
05000	0	2.249861
05000	0	2.414994
05000	0	2.713885
05000	0	2.843576
05000	0	1.920879
05000	0	1.064220
05000	0	3.001041
05000	0	0.736598
05000	0	2.327887
05000	0	1.007558
05000	0	2.623393
05000	0	1.809379
05000	0	0.748833
05000	0	1.644616
05000	0	3.680385
05000	0	1.192766
05000	0	4.377217
05000	0	2.317491
05000	0	2.207618
05000	0	1.669783
05000	0	2.092550
05000	0	2.322497
05000	0	2.414974
05000	0	1.477289
05000	0	1.868431
05000	0	0.435289
05000	0	3.825609
05000	0	2.686691
05000	0	3.197380
05000	0	3.149626
05000	0	0.715584
05000	0	1.153960
05000	0	2.338114
05000	0	0.834659
05000	0	0.947542
05000	0	1.395616
05000	0	3.563483
05000	0	0.344187
05000	0	2.189285
05000	0	1.658221
05000	0	1.048541
05000	0	2.665281
05000	0	2.084511
05000	0	1.427115
05000	0	3.529275
05000	0	2.345782
05000	0	2.228450
05000	0	3.522621
05000	0	1.364586
05000	0	2.486287
05000	0	3.816045
05000	0	1.625881
05000	0	1.230547
05000	0	2.966875
05000	0	1.317546
05000	0	2.024915
05000	0	1.782535
05000	0	2.968247
05000	0	3.046094
05000	0	1.450680
05000	0	5.300692
05000	0	0.598696
05000	0	2.428511
05000	0	1.999437
05000	0	2.785524
05000	0	3.607631
05000	0	0.936441
05000	0	2.902095
05000	0	0.544054
05000	0	2.456628
05000	0	2.039947
05000	0	1.663352
05000	0	1.841031
05000	0	2.169361
05000	0	1.173446
05000	0	2.091972
05000	0	2.028055
05000	0	3.823969
05000	0	4.887323
05000	0	2.769915
05000	0	2.273318
05000	0	0.792058
05000	0	1.332376
05000	0	2.184377
05000	0	2.684226
05000	0	2.266354
05000	0	2.526454
05000	0	2.257885
05000	0	1.646117
05000	0	1.207331
05000	0	3.646421
05000	0	2.477479
05000	0	2.486275
05000	0	0.558062
05000	0	1.553999
05000	0	1.181691
05000	0	2.252926
05000	0	2.154235
05000	0	0.583443
05000	0	1.268128
05000	0	3.671426
05000	0	0.962939
05000	0	1.179945
05000	0	2.219819
05000	0	1.893573
05000	0	2.113037
05000	0	1.956732
05000	0	2.251394
05000	0	3.362930
05000	0	2.928415
05000	0	2.636418
05000	0	1.844820
05000	0	1.180996
05000	0	2.065657
05000	0	1.035492
05000	0	3.018304
05000	0	4.207431
05000	0	1.556097
05000	0	3.671588
05000	0	3.371195
05000	0	0.673540
05000	0	0.837641
05000	0	1.154735
05000	0	1.153567
05000	0	3.649753
05000	0	2.615724
05000	0	0.670076
05000	0	2.438327
05000	0	2.138059
05000	0	2.612780
05000	0	2.136708
05000	0	1.080327
05000	0	0.884045
05000	0	1.261690
05000	0	4.596217
05000	0	2.870753
05000	0	1.648482
05000	0	1.987396
05000	0	1.735458
05000	0	2.847685
05000	0	2.658644
05000	0	1.007448
05000	0	3.473929
05000	0	1.708214
05000	0	3.198886
05000	0	1.993037
05000	0	1.783351
05000	0	1.812085
05000	0	0.958946
05000	0	3.632374
05000	0	3.105444
05000	0	1.154946
05000	0	3.795525
05000	0	1.491326
05000	0	4.587922
05000	0	1.997306
05000	0	3.068244
05000	0	0.783463
05000	0	2.281810
05000	0	1.142413
05000	0	0.968504
05000	0	1.897035
05000	0	4.108999
05000	0	2.803566
05000	0	1.673731
05000	0	0.520185
05000	0	3.008639
05000	0	3.396270
05000	0	2.100643
05000	0	4.224683
05000	0	2.718240
05000	0	1.200438
05000	0	0.990527
05000	0	1.853767
05000	0	1.120540
05000	0	1.335879
05000	0	2.085635
05000	0	1.544452
05000	0	1.204192
05000	0	2.174684
05000	0	3.518539
05000	0	3.331259
05000	0	1.278534
05000	0	1.719398
05000	0	1.217692
05000	0	2.265889
05000	0	1.171839
05000	0	2.388364
05000	0	1.022539
05000	0	2.900571
05000	0	1.411449
05000	0	1.158226
05000	0	1.538432
05000	0	2.252474
05000	0	3.023377
05000	0	2.181283
05000	0	1.788390
05000	0	2.712702
05000	0	1.718400
05000	0	1.454293
05000	0	1.897581
05000	0	2.411681
05000	0	1.201281
05000	0	1.215945
05000	0	2.424160
05000	0	2.308436
05000	0	1.659455
05000	0	0.954180
05000	0	1.915031
05000	0	1.336807
05000	0	1.688846
05000	0	3.017856
05000	0	1.816100
05000	0	3.214022
05000	0	4.051127
05000	0	1.569544
05000	0	3.492518
05000	0	3.463709
05000	0	2.533064
05000	0	1.306830
05000	0	0.983743
05000	0	0.576670
05000	0	3.689634
05000	0	1.150944
05000	0	2.336431
05000	0	3.159927
05000	0	2.229014
05000	0	2.952442
05000	1	2.209914
05000	1	1.741273
05000	1	1.928049
05000	1	1.548959
05000	1	0.910375
05000	1	2.259991
05000	1	1.142523
05000	1	1.331730
05000	1	3.106011
05000	1	3.357963
05000	1	0.883231
05000	1	1.668462
05000	1	2.976551
05000	1	2.952265
05000	1	3.436662
05000	1	1.565318
05000	1	1.355770
05000	1	2.595320
05000	1	2.253224
05000	1	3.751521
05000	1	3.184423
05000	1	2.241332
05000	1	3.065325
05000	1	0.699584
05000	1	0.991615
05000	1	2.945401
05000	1	1.119445
05000	1	2.328448
05000	1	1.258224
05000	1	3.113691
05000	1	2.317942
05000	1	3.352407
05000	1	1.458172
05000	1	1.806718
05000	1	3.474592
05000	1	1.866303
05000	1	2.892575
05000	1	1.548760
05000	1	4.655110
05000	1	1.608022
05000	1	1.849985
05000	1	1.363486
05000	1	2.871106
05000	1	1.869529
05000	1	3.991290
05000	1	2.020967
05000	1	2.194326
05000	1	3.538006
05000	1	0.790081
05000	1	2.100846
05000	1	1.419671
05000	1	1.208917
05000	1	2.151059
05000	1	2.299478
05000	1	2.992701
05000	1	2.903714
05000	1	3.370242
05000	1	1.699140
05000	1	1.733475
05000	1	2.129396
05000	1	2.278318
05000	1	1.533230
05000	1	2.468205
05000	1	1.099988
05000	1	2.461387
05000	1	2.511693
05000	1	2.958627
05000	1	1.732530
05000	1	2.319805
05000	1	1.981271
05000	1	3.058418
05000	1	2.437786
05000	1	1.101371
05000	1	3.277824
05000	1	2.704720
05000	1	1.176379
05000	1	2.734431
05000	1	1.311172
05000	1	2.133604
05000	1	4.565389
05000	1	2.755351
05000	1	2.227654
05000	1	3.726558
05000	1	1.711917
05000	1	2.302851
05000	1	1.063137
05000	1	1.148183
05000	1	3.822415
05000	1	3.125449
05000	1	1.673208
05000	1	3.361416
05000	1	2.675082
05000	1	0.929778
05000	1	3.218675
05000	1	0.475067
05000	1	1.272472
05000	1	1.966464
05000	1	1.848725
05000	1	1.369899
05000	1	2.831229
05000	1	0.456945
05000	1	2.135990
05000	1	2.711930
05000	1	2.122533
05000	1	2.546219
05000	1	1.519061
05000	1	2.248206
05000	1	3.748306
05000	1	1.856514
05000	1	1.298302
05000	1	1.833995
05000	1	3.289076
05000	1	2.468979
05000	1	1.773224
05000	1	1.736780
05000	1	1.370156
05000	1	2.001289
05000	1	2.153633
05000	1	3.482704
05000	1	3.144501
05000	1	4.443981
05000	1	1.096409
05000	1	2.323709
05000	1	3.022865
05000	1	2.699981
05000	1	1.275505
05000	1	2.100207
05000	1	2.800715
05000	1	2.245207
05000	1	3.984698
05000	1	2.812156
05000	1	3.239316
05000	1	2.822701
05000	1	2.967884
05000	1	3.429270
05000	1	1.273272
05000	1	1.579720
05000	1	2.314123
05000	1	3.486882
05000	1	4.264658
05000	1	3.135833
05000	1	4.774984
05000	1	3.270015
05000	1	0.772604
05000	1	1.181517
05000	1	2.483822
05000	1	0.918735
05000	1	1.609517
05000	1	3.644655
05000	1	1.269850
05000	1	1.824021
05000	1	1.320816
05000	1	1.965290
05000	1	2.104524
05000	1	0.608896
05000	1	2.051166
05000	1	1.375532
05000	1	1.283545
05000	1	2.688514
05000	1	1.242855
05000	1	2.191206
05000	1	2.438706
05000	1	4.448791
05000	1	0.861289
05000	1	1.768414
05000	1	1.141973
05000	1	1.951860
05000	1	1.406955
05000	1	1.839217
05000	1	3.278250
05000	1	5.441978
05000	1	3.039298
05000	1	1.995936
05000	1	1.645806
05000	1	1.539738
05000	1	3.193713
05000	1	1.862787
05000	1	1.059532
05000	1	1.851467
05000	1	2.556845
05000	1	3.343273
05000	1	1.159779
05000	1	1.727536
05000	1	3.691730
05000	1	2.012689
05000	1	3.399605
05000	1	3.199122
05000	1	2.733546
05000	1	1.614164
05000	1	2.524640
05000	1	1.420959
05000	1	1.543151
05000	1	1.131841
05000	1	3.022906
05000	1	1.309759
05000	1	1.703987
05000	1	1.092630
05000	1	0.798528
05000	1	1.923108
05000	1	2.708116
05000	1	3.568584
05000	1	1.750568
05000	1	3.556075
05000	1	3.237991
05000	1	2.665640
05000	1	3.187581
05000	1	5.723767
05000	1	1.067759
05000	1	1.981293
05000	1	2.407079
05000	1	0.968964
05000	1	3.347565
05000	1	1.306753
05000	1	1.983789
05000	1	1.263251
05000	1	1.307649
05000	1	4.198250
05000	1	1.328042
05000	1	4.018328
05000	1	3.438775
05000	1	1.691765
05000	1	2.084423
05000	1	0.800528
05000	1	3.015749
05000	1	2.043532
05000	1	2.368211
05000	1	3.064551
05000	1	1.251403
05000	1	2.466991
05000	1	2.147463
05000	1	2.946269
05000	1	2.480912
05000	1	1.616950
05000	1	3.003735
05000	1	1.091103
05000	1	4.552538
05000	1	1.686886
05000	1	2.232559
05000	1	3.692017
05000	1	1.680237
05000	1	2.468922
05000	1	2.618031
05000	1	2.048013
05000	1	1.380944
05000	1	0.831708
05000	1	2.954414
05000	1	2.517699
05000	1	2.114031
05000	1	1.124972
05000	1	2.297235
05000	1	1.038765
05000	1	1.632835
05000	1	5.163318
05000	1	4.515030
05000	1	4.074777
05000	1	2.671425
05000	1	3.190304
05000	1	2.371259
05000	1	3.118354
05000	1	0.827232
05000	1	2.264026
05000	1	1.298550
05000	1	1.319885
05000	1	0.901959
05000	1	3.688623
05000	1	3.813365
05000	1	0.167724
05000	1	1.348539
05000	1	2.391151
05000	1	2.782850
05000	1	1.347952
05000	1	1.989846
05000	1	2.107493
05000	1	2.865798
05000	1	4.224313
05000	1	2.137123
05000	1	1.198220
05000	1	3.355407
05000	1	2.619728
05000	1	4.889043
05000	1	1.887972
05000	1	4.630737
05000	1	1.021854
05000	1	1.711761
05000	1	1.761246
05000	1	5.544837
05000	1	3.998076
05000	1	1.689926
05000	1	3.217021
05000	1	3.724752
05000	1	2.196618
05000	1	4.061061
05000	1	3.422970
05000	1	1.954696
05000	1	2.419129
05000	1	2.941246
05000	1	1.969276
05000	1	1.203262
05000	1	1.681579
05000	1	3.245263
05000	1	2.097746
05000	1	1.891507
05000	1	2.807701
05000	1	1.086758
05000	1	0.695125
05000	1	2.121432
05000	1	1.275057
05000	1	1.818247
05000	1	1.936543
05000	1	1.259835
05000	1	3.077158
05000	1	1.811943
05000	1	1.412293
05000	1	0.636164
05000	1	2.078388
05000	1	3.699411
05000	1	3.723262
05000	1	1.695201
05000	1	2.571752
05000	1	1.650849
05000	1	0.938626
05000	1	2.365461
05000	1	3.217865
05000	1	2.373490
05000	1	1.267236
05000	1	3.918923
05000	1	2.783636
05000	1	1.649644
05000	1	1.725269
05000	1	0.742383
05000	1	2.602673
05000	1	2.936205
05000	1	2.594595
05000	1	3.145397
05000	1	3.293026
05000	1	2.898859
05000	1	2.529946
05000	1	1.109493
05000	1	4.075534
05000	1	1.362792
05000	1	1.299720
05000	1	2.701326
05000	1	1.525056
05000	1	2.688221
05000	1	2.015006
05000	1	2.177254
05000	1	3.781315
05000	1	3.385776
05000	1	4.923461
05000	1	1.703709
05000	1	2.958679
05000	1	3.129785
05000	1	1.441369
05000	1	2.240352
05000	1	3.073168
05000	1	1.799708
05000	1	2.502920
05000	1	2.490456
05000	1	1.993429
05000	1	0.931535
05000	1	3.467797
05000	1	2.151687
05000	1	2.932725
05000	1	2.514080
05000	1	1.702876
05000	1	1.629101
05000	1	1.774251
05000	1	2.538389
05000	1	3.024241
05000	1	2.010056
05000	1	1.728696
05000	1	1.548978
05000	1	0.781088
05000	1	1.615773
05000	1	0.478276
05000	1	1.481003
05000	1	3.803405
05000	1	3.978801
05000	1	1.512781
05000	1	0.929017
05000	1	1.629860
05000	1	1.612260
05000	1	2.418774
05000	1	1.915870
05000	1	1.960127
05000	1	1.935955
05000	1	2.444834
05000	1	3.138684
05000	1	2.801381
05000	1	3.030096
05000	1	1.943698
05000	1	1.063050
05000	1	3.074605
05000	1	3.103730
05000	1	3.412052
05000	1	2.562918
05000	1	2.450798
05000	1	0.425633
05000	1	2.910323
05000	1	2.318122
05000	1	1.061120
05000	1	2.583003
05000	1	2.722440
05000	1	3.720141
05000	1	3.039351
05000	1	3.639915
05000	1	2.177049
05000	1	1.790223
05000	1	3.259308
05000	1	3.828532
05000	1	2.482699
05000	1	2.230624
05000	1	1.109244
05000	1	3.363539
05000	1	1.769939
05000	1	1.310168
05000	1	1.894363
05000	1	0.481855
05000	1	3.774269
05000	1	2.801361
05000	1	2.627967
05000	1	2.623750
05000	1	1.590620
05000	1	3.384776
05000	1	2.651436
05000	1	2.059737
05000	1	2.651684
05000	1	1.530998
05000	1	2.312822
05000	1	2.843188
05000	1	4.274539
05000	1	2.665179
05000	1	3.554428
05000	1	1.254261
05000	1	0.709835
05000	1	2.339025
05000	1	1.262003
05000	1	1.119184
05000	1	1.581029
05000	1	1.863419
05000	1	2.136189
05000	1	3.408588
05000	1	2.332536
05000	1	2.301503
05000	1	1.779865
05000	1	3.349080
05000	1	3.404272
05000	1	0.729072
05000	1	2.627936
05000	1	4.734930
05000	1	1.948523
05000	1	2.162612
05000	1	1.212756
05000	1	1.106790
05000	1	3.055625
05000	1	1.945250
05000	1	3.155443
05000	1	2.399565
05000	1	2.870592
05000	1	1.266982
05000	1	2.185788
05000	1	1.605405
05000	1	1.632765
05000	1	2.574601
05000	1	2.220373
05000	1	1.468320
05000	1	4.260578
05000	1	1.969519
05000	1	2.090682
05000	1	1.372930
05000	1	1.842973
05000	1	2.437444
05000	1	1.310376
05000	1	1.394813
05000	1	2.251025
05000	1	1.464132
05000	1	3.802174
05000	1	2.564917
05000	1	1.253816
05000	1	2.288589
05000	1	2.150732
05000	1	1.932182
05000	1	1.384143
05000	1	2.664342
05000	1	1.802654
05000	1	3.149184
05000	1	1.895069
05000	1	2.618652
05000	1	2.462644
05000	1	1.891853
05000	1	2.591590
05000	1	1.001357
05000	1	1.048702
05000	1	3.447659
05000	1	2.205280
05000	1	1.845346
05000	1	4.109134
05000	1	2.490960
05000	1	2.443459
05000	1	2.060161
05000	1	2.648973
05000	1	3.514971
05000	1	1.706488
05000	1	1.056647
05000	1	1.470908
05000	1	2.592212
05000	1	2.753544
05000	1	0.995079
05000	1	0.953359
05000	1	2.980905
05000	1	3.950634
05000	1	3.620357
05000	1	3.534590
05000	1	3.139409
05000	1	2.813117
05000	1	2.154874
05000	1	2.151427
05000	1	2.694999
05000	1	2.892908
05000	1	2.963800
05000	1	2.755269
05000	1	1.609170
05000	1	2.199033
05000	1	2.016303
05000	1	1.475561
05000	1	2.399240
05000	1	0.473192
05000	1	2.203382
05000	1	0.962536
05000	1	1.645741
05000	1	3.302405
05000	1	2.701859
05000	1	3.492349
05000	1	1.474984
05000	1	1.290093
05000	1	2.484668
05000	1	1.581850
05000	1	0.864815
05000	1	2.760725
05000	1	2.768908
05000	1	1.463057
05000	1	0.300033
05000	1	2.136401
05000	1	3.597897
05000	1	1.230320
05000	1	1.971576
05000	1	0.530051
05000	1	1.755346
05000	1	1.737588
05000	1	4.007627
05000	1	3.272723
05000	1	1.091302
05000	1	3.633178
05000	1	3.447131
05000	1	2.835396
05000	1	3.751619
05000	1	2.241394
05000	1	1.523705
05000	1	4.863566
05000	1	1.052576
05000	1	1.670106
05000	1	2.570193
05000	1	1.329602
05000	1	1.584759
05000	1	1.496025
05000	1	2.859993
05000	1	2.243309
05000	1	2.540445
05000	1	2.861375
05000	1	2.966483
05000	1	1.494513
05000	1	3.255266
05000	1	2.921256
05000	1	3.986736
05000	1	1.984557
05000	1	2.247740
05000	1	4.031943
05000	1	3.693872
05000	1	2.671560
05000	1	1.406967
05000	1	1.114626
05000	1	2.317893
05000	1	1.833094
05000	1	3.925568
05000	1	1.862963
05000	1	1.134212
05000	1	3.975685
05000	1	1.027469
05000	1	1.960878
05000	1	2.856369
05000	1	3.904232
05000	1	1.526988
05000	1	1.122252
05000	1	3.265175
05000	1	1.303013
05000	1	1.675307
05000	1	0.618489
05000	1	3.503685
05000	1	1.123972
05000	1	1.390506
05000	1	2.606752
05000	1	4.158964
05000	1	3.239482
05000	1	2.461605
05000	1	3.865724
05000	1	2.974954
05000	1	1.170023
05000	1	2.194498
05000	1	3.733481
05000	1	1.198131
05000	1	3.136235
05000	1	2.713711
05000	1	2.697926
05000	1	2.281343
05000	1	2.420078
05000	1	1.778239
05000	1	0.463535
05000	1	2.580998
05000	1	1.173791
05000	1	2.674459
05000	1	5.192467
05000	1	1.337424
05000	1	3.665846
05000	1	2.678388
05000	1	1.639376
05000	1	2.396325
05000	1	1.951947
05000	1	1.724976
05000	1	1.732466
05000	1	3.034325
05000	1	3.089081
05000	1	2.246143
05000	1	2.046108
05000	1	3.011896
05000	1	2.152696
05000	1	1.716259
05000	1	2.277125
05000	1	3.044667
05000	1	3.473553
05000	1	3.707996
05000	1	2.216550
05000	1	2.304629
05000	1	1.580405
05000	1	3.944722
05000	1	1.861703
05000	1	3.433069
05000	1	1.227594
05000	1	2.052255
05000	1	2.764038
05000	1	1.320537
05000	1	4.194621
05000	1	4.063392
05000	1	3.226409
05000	1	0.749464
05000	1	1.569390
05000	1	3.818468
05000	1	2.155741
05000	1	2.339084
05000	1	1.206566
05000	1	0.755141
05000	1	1.861175
05000	1	3.366742
05000	1	4.254827
05000	1	1.745800
05000	1	3.163348
05000	1	4.552617
05000	1	2.287888
05000	1	2.548857
05000	1	3.572029
05000	1	1.334565
05000	1	3.660076
05000	1	3.476525
05000	1	2.653724
05000	1	1.805536
05000	1	2.901329
05000	1	4.444549
05000	1	1.589859
05000	1	1.190769
05000	1	1.982867
05000	1	2.187321
05000	1	2.792484
05000	1	3.068352
05000	1	2.198383
05000	1	0.833524
05000	1	2.751412
05000	1	1.136392
05000	1	3.724540
05000	1	1.464095
05000	1	1.670644
05000	1	1.509342
05000	1	1.847564
05000	1	1.907144
05000	1	3.235414
05000	1	3.986863
05000	1	1.835998
05000	1	0.679620
05000	1	2.344178
05000	1	2.115336
05000	1	2.597270
05000	1	3.264780
05000	1	0.942262
05000	1	2.983795
05000	1	1.690693
05000	1	2.577299
05000	1	3.839102
05000	1	2.939184
05000	1	2.288666
05000	1	3.471876
05000	1	2.380769
05000	1	2.756986
05000	1	2.808713
05000	1	3.168163
05000	1	3.191319
05000	1	1.534542
05000	1	1.862667
05000	1	2.035205
05000	1	3.005156
05000	1	2.870363
05000	1	2.645403
05000	1	2.427333
05000	1	1.747855
05000	1	2.899141
05000	1	2.363536
05000	1	4.613103
05000	1	3.517617
05000	1	3.041120
05000	1	3.535119
05000	1	3.033186
05000	1	4.164034
05000	1	2.492835
05000	1	3.075526
05000	1	2.287457
05000	1	1.475577
05000	1	1.200911
05000	1	2.208915
05000	1	4.060542
05000	1	2.711589
05000	1	2.506472
05000	1	1.825429
05000	1	2.329362
05000	1	2.281646
05000	1	3.402753
05000	1	1.683164
05000	1	3.603461
05000	1	2.615469
05000	1	3.324590
05000	1	2.338711
05000	1	2.400098
05000	1	3.431401
05000	1	2.896771
05000	1	1.601233
05000	1	4.236697
05000	1	0.579711
05000	1	1.925032
05000	1	2.690477
05000	1	2.000606
05000	1	3.585571
05000	1	3.632508
05000	1	3.369411
05000	1	3.364273
05000	1	1.614771
05000	1	2.299834
05000	1	3.702307
05000	1	4.793248
05000	1	2.119397
05000	1	0.790484
05000	1	2.942373
05000	1	1.114287
05000	1	1.573344
05000	1	3.357395
05000	1	1.606573
05000	1	3.794756
05000	1	0.933112
05000	1	3.433428
05000	1	2.560243
05000	1	1.721782
05000	1	1.857697
05000	1	2.559836
05000	1	2.296944
05000	1	1.151649
05000	1	3.007034
05000	1	1.869514
05000	1	3.014004
05000	1	3.331566
05000	1	1.022289
05000	1	4.788030
05000	1	4.351340
05000	1	2.261613
05000	1	1.887895
05000	1	1.777305
05000	1	2.536764
05000	1	2.470579
05000	1	3.482684
05000	1	2.308851
05000	1	2.436855
05000	1	1.331069
05000	1	1.631762
05000	1	2.809641
05000	1	2.089538
05000	1	2.709460
05000	1	1.683515
05000	1	4.167154
05000	1	2.134438
05000	1	1.606079
05000	1	2.421820
05000	1	1.982995
05000	1	1.301898
05000	1	3.175577
05000	1	3.725378
05000	1	4.087416
05000	1	1.596869
05000	1	1.948314
05000	1	4.720540
05000	1	2.437122
05000	1	1.617103
05000	1	2.655731
05000	1	1.180715
05000	1	2.385969
05000	1	3.686015
05000	1	1.865405
05000	1	1.847674
05000	1	2.114291
05000	1	2.362599
05000	1	2.076389
05000	1	2.477056
05000	1	1.984658
05000	1	2.668632
05000	1	1.961738
05000	1	3.361977
05000	1	1.929009
05000	1	1.117214
05000	1	3.329563
05000	1	3.172604
05000	1	4.994778
05000	1	2.378332
05000	1	2.923502
05000	1	2.772150
05000	1	3.276913
05000	1	3.295447
05000	1	1.617387
05000	1	3.094241
05000	1	3.289198
05000	1	1.924576
05000	1	2.199959
05000	1	0.739636
05000	1	4.061640
05000	1	1.494565
05000	1	2.150225
05000	1	2.411507
05000	1	2.586631
05000	1	1.520550
05000	1	2.353303
05000	1	2.740487
05000	1	2.062701
05000	1	2.233082
05000	1	2.286065
05000	1	3.216523
05000	1	2.845234
05000	1	1.936528
05000	1	1.631558
05000	1	0.833544
05000	1	4.117065
05000	1	1.970649
05000	1	2.554395
05000	1	2.451736
05000	1	0.974293
05000	1	0.793756
05000	1	3.819602
05000	1	1.580738
05000	1	3.823530
05000	1	1.878012
05000	1	2.214153
05000	1	4.464017
05000	1	1.238845
05000	1	0.940859
05000	1	1.334708
05000	1	3.795966
05000	1	1.154094
05000	1	0.650265
05000	1	2.285255
05000	1	1.584448
05000	1	3.242162
05000	1	3.220181
05000	1	2.134954
05000	1	3.371414
05000	1	1.486103
05000	1	1.722992
05000	1	1.543648
05000	1	4.407318
05000	1	1.671689
05000	1	1.111594
05000	1	1.372681
05000	1	4.301058
05000	1	2.718587
05000	1	1.440481
05000	1	2.761314
05000	1	2.542346
05000	1	3.314665
05000	1	3.168440
05000	1	2.314628
05000	1	2.925909
05000	1	3.061479
05000	1	1.482025
05000	1	2.832778
05000	1	1.771656
05000	1	2.148868
05000	1	3.406567
05000	1	3.763508
05000	1	1.935987
05000	1	1.819169
05000	1	1.735791
05000	1	2.915497
05000	1	1.060469
05000	1	2.410875
05000	1	0.471140
05000	1	2.616631
05000	1	3.731148
05000	1	1.072630
05000	1	5.849193
05000	1	1.346206
05000	1	3.022150
05000	1	3.076470
05000	1	1.361293
05000	1	3.382325
05000	1	0.544307
05000	1	1.409619
05000	1	1.389390
05000	1	2.402614
05000	1	3.975782
05000	1	3.218816
05000	1	1.097555
05000	1	1.739277
05000	1	3.507739
05000	1	1.136286
05000	1	0.789163
05000	1	2.717615
05000	1	2.978090
05000	1	3.156107
05000	1	2.340655
05000	1	1.493123
05000	1	3.730333
05000	1	1.426684
05000	1	3.038649
05000	1	2.968542
05000	1	2.424929
05000	1	1.242936
05000	1	2.835483
05000	1	1.458660
05000	1	2.546591
05000	1	1.549301
05000	1	2.415427
05000	1	2.847775
05000	1	2.661048
05000	1	4.799384
05000	1	1.935539
05000	1	4.196400
05000	1	1.486972
05000	1	2.779673
05000	1	3.567355
05000	1	2.481068
05000	1	2.474869
05000	1	1.717262
05000	1	3.258413
05000	1	1.194968
05000	1	1.554815
05000	1	2.539250
05000	1	1.071236
05000	1	1.281170
05000	1	1.634827
05000	1	1.877232
05000	1	1.321420
05000	1	4.203318
05000	1	1.920437
05000	1	1.769150
05000	1	2.612875
05000	1	2.262204
05000	1	2.375914
05000	1	1.826936
05000	1	3.046143
05000	1	1.734001
05000	1	3.301073
05000	1	3.407175
05000	1	3.353955
05000	1	4.223745
05000	1	2.237501
05000	1	3.102149
05000	1	1.561564
05000	1	0.793547
05000	1	3.768436
05000	1	2.091198
05000	1	3.490627
05000	1	4.394765
05000	1	1.608417
05000	1	6.655478
05000	1	2.051141
05000	1	3.358811
05000	1	1.479032
05000	1	1.140755
05000	1	1.183816
05000	1	3.214659
